622 613
226 1755
1586 514
600 346
709 1420
1071 1309
257 1868
804 128
1984 805
554 601
692 1629
946 22
769 1821
1052 693
986 1355
509 362
1433 1574
1409 1645
883 529
1970 578
923 900
985 1901
822 1103
1525 1669
720 1600
1962 1096
1708 1111
1580 1631
1953 1848
1884 1476
3 1249
738 1665
624 541
1996 587
141 696
181 1327
1375 276
1833 1356
430 1867
920 161
902 1286
522 40
897 530
1507 1154
144 1398
661 915
1366 1053
1861 1
1123 890
1455 6
335 1304
1803 1255
325 407
1026 127
1513 1894
1390 1068
1534 337
849 1897
567 189
201 748
236 129
995 1840
768 1063
1389 1670
1360 1092
512 39
1582 1284
1598 1357
95 522
584 1875
1745 455
1683 426
1058 231
1404 1261
1581 1588
1738 1175
1158 1174
915 116
872 1480
1333 1100
321 486
88 1229
1473 1774
840 138
1786 5
1152 155
786 217
1942 536
1126 512
293 214
1168 1292
779 212
94 1061
677 1960
762 1064
858 1498
1378 1651
166 245
159 973
1296 817
352 1455
479 1721
153 1891
1909 746
636 9
1514 1664
1135 525
1677 305
493 1743
1462 1248
470 131
651 1113
1466 1372
1089 708
85 1850
1940 999
52 1931
60 724
50 437
1897 1071
1470 61
504 1715
1298 1554
632 1494
1496 254
361 538
1974 1366
782 1165
264 469
1332 1986
427 340
683 1789
84 1623
26 1599
483 302
1963 1352
1413 1838
481 1181
590 1730
927 1258
165 1134
277 473
80 1397
12 372
1202 1787
951 1650
13 1180
90 1741
1631 3
477 1391
262 92
725 1102
232 1638
358 801
301 625
606 72
1339 1425
640 1315
1520 1979
1523 864
1583 385
1916 1449
376 1620
247 712
981 1920
1610 1115
1114 456
601 710
1966 171
1881 220
748 1521
161 1657
1359 1074
891 1594
1836 917
972 673
1376 1547
120 1145
1900 653
1351 766
1005 18
386 1126
1090 501
568 904
1437 1698
1816 1235
1070 537
947 624
1979 1369
940 889
387 726
1144 2000
1329 1212
1617 1009
1572 387
193 502
1501 1492
1549 1770
1944 1402
911 896
1471 1740
1193 485
1051 1146
199 556
1110 388
1575 123
582 1520
1973 1950
375 1760
650 1084
1684 630
1059 1058
774 931
1596 1124
494 250
875 1224
818 1959
1904 1668
1216 1763
1334 105
971 327
1853 24
1648 993
1589 465
1488 751
1728 1281
918 112
371 1971
1020 100
1960 850
1170 1440
123 1545
853 1694
648 1016
1761 969
1641 945
1297 709
448 1419
128 1704
519 322
744 1641
1905 923
1902 1697
1821 830
175 619
907 705
225 1686
1018 21
1503 278
1213 367
1700 1689
445 645
484 1283
1885 59
896 1572
1199 1340
424 1484
53 1871
1148 1751
82 1373
1668 1602
1986 569
370 459
596 1023
1682 94
1197 1847
834 1731
1714 1824
372 1169
514 576
1301 1223
1186 304
1894 1830
955 687
1308 1880
1130 1748
1990 1759
1174 1452
603 1221
658 1723
1362 681
1907 690
340 1946
729 339
930 1230
721 1798
1053 1088
1732 1626
1247 675
1665 1590
1357 1269
1670 203
900 1948
1222 534
573 1410
552 1184
1239 1567
1629 52
579 978
546 1661
939 701
405 1523
1002 384
1947 581
1125 826
714 70
1324 1049
1512 1509
557 1569
374 43
1343 1493
1133 984
1459 98
851 1287
1543 319
942 1690
1528 1308
516 659
1093 27
580 1214
1603 1045
27 1831
681 1806
1427 773
1645 376
1840 1793
1510 1727
1256 704
693 374
243 1086
1640 568
1789 1339
1054 1903
304 1872
408 344
1122 996
1395 1350
1978 836
1305 1944
1457 669
1330 102
96 1745
354 706
190 227
842 772
1112 328
759 1487
149 1363
713 1236
625 717
495 908
1578 1379
767 1333
217 666
302 1548
778 1119
295 1191
617 1940
49 433
1779 1097
1313 32
1565 1368
258 79
426 1268
1240 1939
665 228
1768 1729
1004 1560
1863 1461
1509 577
284 698
16 1234
1087 1630
813 620
1680 232
1785 1232
538 333
1764 1792
1453 1575
1497 1780
41 347
1604 1658
1364 1559
1616 1829
1192 1147
1249 1904
1791 1957
1131 1387
1825 1500
227 1316
575 741
242 1714
1260 828
254 580
592 211
614 854
280 371
811 779
1906 205
1726 1474
988 75
1266 1788
1783 633
255 1371
1889 997
1074 1489
706 268
1210 445
450 1896
550 1710
1117 1691
528 1752
1804 1004
806 539
838 66
1137 1711
1802 1465
1651 165
349 1563
798 768
71 57
1679 406
32 1911
1237 1725
1945 1640
248 1478
1711 535
294 894
599 1613
1781 940
1106 644
167 1633
1734 764
169 1568
781 316
904 829
38 1999
886 1859
1798 12
1999 1142
1664 1423
1788 272
397 269
135 427
628 440
1650 1544
791 1057
116 1211
1348 176
935 147
1492 784
1703 1612
1233 763
977 1392
1407 74
1234 1876
283 1972
638 446
22 1273
878 482
237 187
196 157
1524 429
229 274
23 1734
250 200
398 1659
1225 897
974 166
1056 1469
537 359
1024 1773
618 1888
1862 1637
1759 1022
1452 130
1342 595
506 31
1265 107
1516 842
1421 744
1506 571
1564 279
1702 209
966 1762
627 1122
1873 626
433 1777
1868 1738
1203 1643
605 1020
1356 1784
163 540
14 590
1483 1178
180 1952
574 559
1592 464
998 594
1720 442
1327 133
143 1869
1311 1703
737 1810
1268 1343
1037 1667
921 49
8 926
187 1990
694 1945
48 664
963 1998
1335 1932
1481 1475
43 716
1547 329
1379 17
1380 1814
699 1537
179 270
152 1017
1811 526
332 1825
990 558
1669 1448
566 1785
843 143
1157 608
91 1044
688 723
1030 1383
642 264
392 1776
1985 435
1858 722
142 584
1183 361
1081 846
664 1573
104 1505
1808 1861
164 1297
799 679
496 715
34 1907
1813 1930
1211 520
666 553
1965 1037
749 780
1946 1150
1257 1761
975 762
1521 1833
1320 1414
219 1802
1080 253
936 564
1029 1140
1406 139
55 1471
1280 190
62 785
1605 582
1028 589
186 911
188 443
261 767
1920 868
1619 1137
888 528
1794 1116
808 1627
1799 707
1810 240
9 219
545 1112
399 1724
647 822
208 728
1387 1801
1837 922
702 306
980 658
409 1535
103 416
204 355
47 180
1338 41
1096 804
993 1735
1878 818
212 170
1173 1616
155 1924
787 258
1699 865
1943 570
1968 1422
513 1624
1230 1611
440 1687
324 332
291 62
964 1681
491 1615
1436 1975
110 1728
456 298
1859 207
531 1194
511 790
1850 1450
1060 185
1392 585
1489 1683
534 600
411 859
643 83
1561 354
1412 1401
1475 1008
801 428
1928 1118
1416 1900
1607 1376
285 260
1402 1123
1568 1943
298 1055
789 647
418 837
1204 919
1689 284
1914 1889
908 1719
1486 1543
602 1696
1770 1595
1328 1444
221 1941
1358 1929
1606 1795
1819 1251
334 1271
1115 1280
961 191
761 1132
1316 699
343 1347
1566 1155
83 199
1615 1326
75 965
755 1033
1160 1032
1163 798
1164 617
133 794
571 1351
1482 65
218 753
197 610
1969 175
1255 101
1715 812
1671 243
331 1344
1739 1893
178 95
1408 750
1686 731
341 108
1515 137
1860 799
1876 210
1834 1596
1857 1491
1747 634
1312 124
478 487
529 1439
1386 944
145 1264
286 1429
1797 1808
1716 855
1101 1338
307 1083
315 775
1299 628
1292 1109
1874 1215
1585 807
401 1136
1147 609
1331 975
526 292
1570 1538
1302 1855
844 1754
1243 1067
396 377
901 1542
1232 1385
1140 275
200 115
524 672
1405 1516
1277 1467
1262 471
1899 899
1743 1601
1613 878
1695 142
607 1451
1923 964
1181 1073
1003 777
1045 655
1823 980
1309 1405
1304 1852
1317 572
1571 857
1178 863
1270 1579
700 1881
1827 80
1674 1252
490 848
1371 1991
1600 1289
1142 1712
222 893
1319 756
1806 928
859 1822
353 557
1149 982
1854 417
253 685
1655 736
1205 1549
339 294
1041 833
1590 1744
333 987
938 1311
292 195
880 480
1751 173
1206 1584
1442 1582
1891 635
1295 1243
1086 412
656 1546
730 631
130 1485
564 85
655 1329
595 1197
1820 892
1936 1899
852 1187
1724 852
1108 1910
1676 714
836 1362
931 1860
941 517
1847 515
882 301
1875 888
465 51
890 415
757 1769
1345 1312
917 1837
1697 1842
328 358
1880 1884
809 1649
1731 60
437 962
1841 164
1286 1496
1403 382
1644 1360
715 197
245 1809
1095 1909
1625 954
1569 413
1038 1933
1422 1571
1274 1577
1415 1947
992 649
610 1811
1620 390
19 82
1443 821
1098 1310
1368 622
717 1648
72 1203
1532 1644
613 1278
956 682
1778 1846
1075 995
136 1035
1431 423
1322 1655
1971 236
281 281
837 942
246 45
576 1015
1871 1925
1146 1195
434 499
369 1298
1838 1886
1555 1334
385 1851
674 1225
410 86
1536 765
959 120
1188 1239
1591 891
1949 64
65 1254
308 1481
256 1912
492 1578
1180 450
412 869
1350 688
1855 1695
1584 421
716 1090
439 733
937 122
861 1131
1361 422
458 1540
1185 238
150 882
1601 797
460 932
442 55
282 1364
540 662
1895 1034
1618 1079
919 28
1369 144
1809 1028
441 1384
195 1678
1941 1374
1998 23
1346 1245
454 1468
1066 737
1401 1722
1314 949
1162 1586
1267 1823
689 1849
893 880
1796 283
732 1585
1694 1883
1721 1381
1502 793
1938 1895
965 277
1657 1666
214 174
1558 1923
793 1335
419 1186
788 809
510 747
982 1935
459 2
129 1328
591 1885
1624 927
1654 1151
542 360
1261 1779
598 524
1034 1486
1381 383
807 952
1391 1997
1649 1204
1766 63
507 313
909 510
1627 1172
1517 1635
1388 815
1281 1965
1154 1291
827 470
93 838
691 1528
472 309
171 1790
203 1782
356 1995
1220 1980
1353 1524
555 860
1001 73
1287 879
1826 1006
1696 50
1712 134
1012 1647
1815 1346
928 1319
1777 1675
63 266
593 1302
1231 1125
1227 256
1036 1231
348 646
213 1778
137 1336
1824 158
249 966
28 1296
1709 1898
383 1013
635 991
260 288
1541 1565
687 810
707 1501
1372 1277
1155 104
1228 694
1927 312
1099 1233
1735 1267
64 324
523 468
1737 862
1 1482
520 1742
633 1525
685 814
107 1942
1279 1961
1484 968
1599 856
251 1199
1196 1430
623 436
1062 1089
763 1996
288 249
1258 1262
746 1692
457 1552
400 224
548 1265
323 593
474 516
140 1066
403 233
1491 1949
1396 1303
864 755
754 1726
1191 141
1685 642
1499 151
873 1856
1079 286
705 946
1554 490
817 1274
279 1673
1010 159
1007 875
1223 677
712 1772
1349 1688
1340 1394
1632 248
1398 851
1084 1597
1522 583
742 1561
1681 573
1073 513
866 1447
487 1605
649 754
856 401
1069 1826
1672 895
1790 1135
704 71
138 1437
267 349
224 618
1710 424
1172 1106
134 884
1214 396
414 303
1440 627
1896 498
1318 1526
476 1955
118 1720
820 771
1151 774
455 1797
1175 1693
177 1395
839 1853
1642 1919
1989 1609
67 575
620 1985
670 1646
1219 1508
1021 1796
1752 1413
1763 691
785 1562
954 1305
1829 1219
1559 418
1787 474
776 504
894 933
189 1206
870 1614
1818 632
233 527
1171 1217
345 508
718 152
682 1365
589 1603
269 218
432 1192
1924 586
69 1149
20 1512
395 1680
745 1518
1609 186
1454 1558
131 26
7 366
443 1285
183 118
948 235
98 11
1077 1085
916 930
1461 769
273 506
517 567
1898 924
81 1345
530 477
1705 1127
1883 1380
1094 1081
194 615
471 90
1201 683
996 611
1009 1618
355 1843
1478 307
1817 1052
176 1445
1134 351
1621 472
1105 206
1104 545
139 1804
957 380
560 1813
1722 806
1929 1173
1190 1783
881 1367
2000 46
543 1349
1959 419
1169 1443
1050 318
287 1138
446 483
126 1065
1138 386
1303 8
1019 7
1678 263
209 181
326 1160
950 1854
1383 1835
1061 992
1835 1259
216 592
1456 1438
501 531
207 598
366 551
1025 1531
796 1433
1078 1954
1954 1632
480 776
819 1082
311 1495
508 979
772 1460
1399 650
1993 1503
962 1227
1886 1781
802 156
1594 1166
521 237
696 1701
1663 1198
895 1293
1602 1417
206 1812
1400 462
803 109
39 111
1278 1583
1933 226
1238 1408
486 1918
1546 188
751 492
1851 493
234 656
1485 1117
1120 778
314 831
644 1890
1666 847
1264 1189
527 845
1646 1121
726 1819
577 1473
1017 1095
1771 1958
1890 1210
384 1266
263 1656
488 1279
831 1974
588 1570
724 913
54 183
1032 800
318 1428
1107 1314
1097 1012
1903 843
1930 1502
558 1873
97 1608
289 543
1636 612
1023 547
87 1446
800 823
1773 117
1248 1153
1285 1412
1537 961
1076 325
1638 786
468 1027
968 1196
1195 532
1124 749
1467 641
421 827
1987 453
1444 947
645 1331
619 782
342 461
265 168
1793 162
500 1318
1658 1820
1661 1105
1493 36
1614 496
377 1188
1563 341
1919 1827
124 136
695 1011
1633 132
338 566
1888 267
317 1077
626 871
33 229
1047 1765
1282 1168
1538 247
594 1598
932 1025
830 1987
290 1409
1595 1983
202 1005
775 533
1749 735
944 1676
1864 1288
1083 758
1275 1878
828 150
272 35
994 906
185 1926
1418 1994
17 546
1377 399
1910 1458
1577 1915
173 1415
1622 1921
228 877
25 1625
535 739
1830 1934
305 941
1150 1156
168 1551
1092 448
1088 201
1530 951
1420 1913
79 1887
740 87
1915 1593
1476 623
1842 1663
1630 1844
1458 81
1800 1739
170 1141
539 488
66 835
435 282
1321 1435
854 1062
671 759
1446 1828
926 1679
663 1046
1022 378
429 596
1698 1682
1623 956
752 1817
1660 1938
70 293
78 202
997 1877
630 950
1982 562
109 495
1912 1463
1957 1477
684 392
235 1652
1141 497
1784 1107
679 1313
6 588
215 1421
241 1457
1016 1170
351 402
391 1272
634 1511
406 113
503 1530
637 1162
1365 1093
394 19
572 1400
497 676
551 1533
112 1845
906 866
690 509
597 308
914 255
36 1275
1289 126
73 719
1136 832
1981 1522
1044 204
111 713
912 241
296 604
879 1536
987 148
1063 789
835 16
561 591
1153 757
231 93
1341 1956
1352 1024
1293 678
877 711
1545 983
422 1247
191 1557
1091 1108
1831 651
532 1962
316 1707
1236 1922
113 1042
1166 1007
1872 542
766 674
1652 395
943 1241
863 1527
61 1639
1750 420
416 1158
1194 1378
162 1906
1865 1746
1994 30
1450 1056
266 637
662 1914
1792 1139
1643 44
390 1377
1498 352
1235 1099
541 225
1975 99
428 1874
1744 1642
346 4
1983 1110
1758 1000
11 1148
313 357
58 154
973 1766
1447 1636
415 1003
1460 336
1411 454
734 1342
1551 1031
119 252
1991 1039
673 909
739 1758
158 1393
363 348
1432 1483
629 740
1394 1348
1772 1862
1951 1927
553 466
211 1464
1344 1101
1926 554
485 239
892 1937
1918 1048
2 870
810 178
653 565
1435 1002
1006 1589
723 265
1254 920
1374 1892
1956 1069
275 432
1995 967
1848 792
1276 1238
1952 1382
1776 907
1294 1177
1284 1361
1754 670
1253 602
4 605
499 1208
1109 1416
1014 331
1931 1182
461 29
1040 1427
784 311
832 1128
350 84
438 544
121 1341
929 652
1300 1436
407 1043
367 1953
1557 15
1370 936
21 1902
1508 1515
77 481
105 881
160 1237
1675 960
1226 1404
945 1709
278 69
616 680
505 1916
1870 411
413 834
464 404
1822 616
1746 1818
1177 1324
1922 621
44 1988
365 1807
402 745
76 1010
1740 1054
672 1323
220 1454
357 398
299 447
1469 734
967 1403
1775 981
1723 47
570 1532
1588 397
1839 1815
765 1282
329 20
1729 1610
431 1674
1479 770
710 1200
1414 1411
1573 373
667 824
1707 1075
1544 563
1397 1171
379 400
722 1566
1757 1152
1690 1517
1429 1564
29 1202
544 1607
1176 597
1845 977
1326 795
845 1905