891 117
331 688
665 618
808 202
799 649
551 551
636 514
410 731
919 201
290 973
125 425
330 922
682 655
630 5
197 851
38 859
974 842
431 671
388 480
828 241
634 380
457 405
571 580
448 593
190 139
568 582
651 392
731 470
40 878
918 923
711 334
941 683
947 769
116 590
170 35
631 146
349 2
67 450
84 428
400 946
748 768
849 770
87 951
546 3
611 891
397 237
819 721
439 209
159 894
8 661
868 564
744 195
269 708
501 362
550 45
254 9
982 902
687 123
691 741
870 714
446 585
791 63
751 332
626 487
907 111
894 301
435 391
955 64
716 869
270 812
442 646
782 960
625 396
464 743
641 897
766 562
395 734
810 258
993 492
512 728
419 988
467 534
369 233
645 628
957 337
94 427
989 987
595 57
56 729
614 370
418 760
413 66
637 85
858 426
902 17
967 149
756 191
747 83
156 556
583 747
278 238
212 589
979 614
523 46
166 592
217 193
77 60
304 484
115 826
899 522
699 868
676 404
181 579
818 854
715 328
582 577
206 823
404 527
503 704
95 554
823 350
684 401
567 205
377 663
306 621
697 538
825 47
770 143
311 635
33 118
806 422
228 375
221 327
574 264
490 696
127 345
494 889
151 381
638 486
422 229
180 420
73 120
473 668
939 834
765 478
760 746
396 600
138 482
381 598
132 896
131 802
969 626
929 418
565 904
673 738
237 690
836 394
959 954
785 887
178 489
842 544
274 918
556 742
890 309
629 410
283 961
3 549
148 364
59 411
658 62
923 389
411 438
154 913
246 761
384 520
589 515
502 881
123 297
498 680
847 166
408 178
22 161
916 194
102 145
34 548
985 636
792 162
608 811
897 928
700 22
192 133
465 343
534 169
824 214
65 312
726 463
769 39
234 25
424 44
390 140
635 976
53 800
688 632
871 819
912 75
64 967
537 336
242 317
407 225
863 98
790 860
524 196
620 383
314 595
798 725
205 99
100 805
42 658
44 833
261 781
158 173
81 376
898 19
816 103
99 660
908 349
668 712
463 695
133 807
259 455
495 152
405 665
323 686
35 771
793 20
627 950
804 512
336 339
186 943
17 657
49 877
741 759
174 31
753 901
483 701
873 537
952 841
666 442
917 984
368 751
74 267
210 586
10 543
172 892
850 412
750 974
761 498
150 752
37 323
621 125
295 415
85 744
98 940
309 933
644 981
282 271
655 366
406 431
656 175
921 501
16 927
936 606
667 875
648 850
247 236
653 764
884 947
970 977
605 700
878 107
853 856
942 435
725 185
203 568
177 172
995 978
32 716
491 735
981 971
322 669
335 213
728 94
727 197
714 231
660 413
997 934
549 95
552 681
124 640
317 262
450 369
745 619
272 829
874 865
373 587
826 299
944 397
462 493
903 794
560 905
866 622
569 503
90 846
392 108
209 844
707 997
712 436
526 698
757 962
104 325
779 497
521 840
664 787
266 41
493 324
956 989
803 533
835 211
527 452
838 782
425 464
975 453
466 766
586 942
240 52
337 351
893 286
701 306
520 59
307 36
584 243
126 733
97 645
387 711
279 165
62 137
827 281
561 26
121 130
438 815
516 552
14 652
755 966
607 884
882 863
415 79
301 995
389 777
69 932
978 778
987 251
160 465
881 659
114 991
815 956
685 958
887 502
24 400
194 10
78 573
451 200
872 750
434 105
287 304
370 1000
147 441
36 58
471 639
649 61
497 558
343 644
722 14
606 672
650 574
161 326
366 602
144 212
865 828
671 983
920 694
924 496
475 816
962 810
376 239
994 355
581 963
48 90
602 179
168 959
106 268
616 8
211 315
461 692
535 1
456 449
63 69
302 616
822 310
416 517
531 159
423 379
632 756
775 529
348 77
709 432
402 824
639 89
303 979
740 870
139 510
289 74
692 504
19 437
207 333
946 578
452 277
675 48
29 617
830 154
950 883
271 109
401 911
215 148
737 157
47 638
796 126
179 346
585 439
292 506
580 909
689 459
746 481
357 648
354 73
876 699
243 818
273 135
529 144
829 430
135 423
841 461
355 753
474 566
855 293
358 914
913 647
363 174
143 499
6 189
973 163
931 322
444 104
922 129
345 717
945 471
182 709
105 344
293 779
892 631
802 245
417 601
880 687
724 675
394 720
764 817
372 570
904 862
720 490
540 924
911 424
412 678
680 939
986 280
468 697
4 785
927 358
339 843
25 434
479 227
705 414
52 160
813 895
51 13
299 259
146 399
612 298
860 500
600 244
393 226
165 224
